[[ 5.68434189e-14  2.68481550e+06  1.41885601e+06  2.55597022e+06
   4.89478362e+05  9.23019012e+05  6.51579235e+06  3.57154702e+05
   6.46565678e+05  1.04847655e+06  2.04710271e+05  2.26592534e+06
   1.29544993e+07  1.02522273e+06  3.10948046e+06]
 [ 2.68481550e+06  0.00000000e+00  1.17386681e+05  6.28961491e+05
   1.65950888e+05  7.14893916e+05  4.69612912e+05  1.70728364e+06
   3.69620025e+05  4.26763081e+05  1.39265947e+06  4.84306336e+05
   2.67021565e+06  2.40057545e+05  7.02824610e+05]
 [ 1.41885601e+06  1.17386681e+05  0.00000000e+00  2.17443880e+05
   1.77106499e+05  2.42092768e+05  2.75948655e+05  4.35261924e+05
   1.01556243e+05  2.18111023e+05  6.83591249e+05  3.35946927e+05
   2.33961212e+06  1.06344190e+05  3.33369348e+05]
 [ 2.55597022e+06  6.28961491e+05  2.17443880e+05  0.00000000e+00
   4.09954550e+05  7.30424437e+05  4.05703805e+05  3.50923708e+05
   1.91915074e+05  4.98048491e+05  7.10210314e+05  5.46013149e+05
   1.55104511e+06  5.98799854e+05  7.23136473e+05]
 [ 4.89478362e+05  1.65950888e+05  1.77106499e+05  4.09954550e+05
   0.00000000e+00  1.78415685e+05  2.42245132e+05  7.87988936e+04
   1.16666982e+05  3.03133234e+05  5.95145895e+04  1.57659731e+05
   1.97912993e+05  1.21708708e+05  2.22473532e+05]
 [ 9.23019012e+05  7.14893916e+05  2.42092768e+05  7.30424437e+05
   1.78415685e+05  0.00000000e+00  2.05315569e+05  9.04824344e+05
   1.56169111e+05  2.22852784e+05  8.87166224e+04  6.61957365e+04
   1.73776881e+05  2.04651980e+05  1.42974884e+05]
 [ 6.51579235e+06  4.69612912e+05  2.75948655e+05  4.05703805e+05
   2.42245132e+05  2.05315569e+05  0.00000000e+00  1.26232007e+05
   2.99209923e+05  4.40614400e+05  2.12851343e+05  1.32793650e+05
   2.97502065e+05  3.70737409e+05  2.39979932e+05]
 [ 3.57154702e+05  1.70728364e+06  4.35261924e+05  3.50923708e+05
   7.87988936e+04  9.04824344e+05  1.26232007e+05  0.00000000e+00
   1.30683668e+05  2.71795310e+05  3.74427089e+05  1.42983844e+05
   5.08997958e+05  9.80113937e+04  1.66027121e+05]
 [ 6.46565678e+05  3.69620025e+05  1.01556243e+05  1.91915074e+05
   1.16666982e+05  1.56169111e+05  2.99209923e+05  1.30683668e+05
   0.00000000e+00  1.14590126e+05  5.09262059e+05  6.47758128e+05
   8.12773459e+05  2.28112675e+05  3.27721010e+05]
 [ 1.04847655e+06  4.26763081e+05  2.18111023e+05  4.98048491e+05
   3.03133234e+05  2.22852784e+05  4.40614400e+05  2.71795310e+05
   1.14590126e+05  0.00000000e+00  2.79200326e+05  2.88388976e+05
   7.64589564e+05  1.70633337e+05  2.48287575e+05]
 [ 2.04710271e+05  1.39265947e+06  6.83591249e+05  7.10210314e+05
   5.95145895e+04  8.87166224e+04  2.12851343e+05  3.74427089e+05
   5.09262059e+05  2.79200326e+05  5.68434189e-14  1.14889268e+05
   2.54705965e+05  1.21324299e+05  1.84820884e+05]
 [ 2.26592534e+06  4.84306336e+05  3.35946927e+05  5.46013149e+05
   1.57659731e+05  6.61957365e+04  1.32793650e+05  1.42983844e+05
   6.47758128e+05  2.88388976e+05  1.14889268e+05  0.00000000e+00
   2.47894228e+05  1.23309856e+05  9.26451072e+04]
 [ 1.29544993e+07  2.67021565e+06  2.33961212e+06  1.55104511e+06
   1.97912993e+05  1.73776881e+05  2.97502065e+05  5.08997958e+05
   8.12773459e+05  7.64589564e+05  2.54705965e+05  2.47894228e+05
   0.00000000e+00  1.52225219e+05  2.24554735e+05]
 [ 1.02522273e+06  2.40057545e+05  1.06344190e+05  5.98799854e+05
   1.21708708e+05  2.04651980e+05  3.70737409e+05  9.80113937e+04
   2.28112675e+05  1.70633337e+05  1.21324299e+05  1.23309856e+05
   1.52225219e+05  0.00000000e+00  1.34466321e+05]
 [ 3.10948046e+06  7.02824610e+05  3.33369348e+05  7.23136473e+05
   2.22473532e+05  1.42974884e+05  2.39979932e+05  1.66027121e+05
   3.27721010e+05  2.48287575e+05  1.84820884e+05  9.26451072e+04
   2.24554735e+05  1.34466321e+05 -2.27373675e-12]]
