[[-3.41060513e-13  2.92667586e+03  1.25684777e+03  2.06704126e+03
   1.43044841e+03  1.09118447e+03  1.06519510e+03  1.50617911e+03
   1.24622513e+03  1.00256403e+03  9.98473435e+02  9.91698752e+02
   1.11795490e+03  1.03892609e+03  1.02216198e+03]
 [ 2.92667586e+03 -9.09494702e-13  1.66912751e+03  3.10573407e+03
   2.78797411e+03  2.72750955e+03  2.85383398e+03  2.88556926e+03
   1.59432805e+03  2.66070215e+03  2.88228975e+03  2.78283046e+03
   2.69532670e+03  2.72285342e+03  2.70732918e+03]
 [ 1.25684777e+03  1.66912751e+03 -3.97903932e-13  1.44517562e+03
   1.17201818e+03  6.09338973e+02  6.14686573e+02  1.09631979e+03
   7.44608530e+02  5.04456888e+02  9.42295517e+02  8.92075259e+02
   9.78340725e+02  1.01558198e+03  7.80870011e+02]
 [ 2.06704126e+03  3.10573407e+03  1.44517562e+03 -2.27373675e-13
   1.70084644e+03  1.47373562e+03  1.49401259e+03  1.72905417e+03
   1.17034265e+03  1.30151503e+03  1.49638991e+03  1.40623244e+03
   1.48314332e+03  1.47777224e+03  1.36499100e+03]
 [ 1.43044841e+03  2.78797411e+03  1.17201818e+03  1.70084644e+03
  -1.13686838e-13  7.00510336e+02  8.13988424e+02  7.94820478e+02
   8.55221789e+02  6.59680111e+02  6.76149885e+02  7.46205255e+02
   6.46518584e+02  6.93615820e+02  5.60640459e+02]
 [ 1.09118447e+03  2.72750955e+03  6.09338973e+02  1.47373562e+03
   7.00510336e+02  1.42108547e-14  3.35449850e+02  7.46283275e+02
   7.50991135e+02  2.80298626e+02  3.31605122e+02  3.85926214e+02
   3.75293384e+02  5.23333808e+02  3.46019302e+02]
 [ 1.06519510e+03  2.85383398e+03  6.14686573e+02  1.49401259e+03
   8.13988424e+02  3.35449850e+02  2.27373675e-13  6.91746594e+02
   7.38651818e+02  2.47859185e+02  3.45622652e+02  3.54601965e+02
   4.78290331e+02  4.49604671e+02  3.21557204e+02]
 [ 1.50617911e+03  2.88556926e+03  1.09631979e+03  1.72905417e+03
   7.94820478e+02  7.46283275e+02  6.91746594e+02 -1.13686838e-13
   9.34866173e+02  6.84691845e+02  7.95806852e+02  7.20465119e+02
   7.97447195e+02  7.45132985e+02  6.65229802e+02]
 [ 1.24622513e+03  1.59432805e+03  7.44608530e+02  1.17034265e+03
   8.55221789e+02  7.50991135e+02  7.38651818e+02  9.34866173e+02
  -9.09494702e-13  5.53490400e+02  7.19194022e+02  6.05719611e+02
   6.69752738e+02  6.90634538e+02  6.92069253e+02]
 [ 1.00256403e+03  2.66070215e+03  5.04456888e+02  1.30151503e+03
   6.59680111e+02  2.80298626e+02  2.47859185e+02  6.84691845e+02
   5.53490400e+02 -5.68434189e-14  2.98569563e+02  3.32686666e+02
   3.36444839e+02  3.96318462e+02  2.83512697e+02]
 [ 9.98473435e+02  2.88228975e+03  9.42295517e+02  1.49638991e+03
   6.76149885e+02  3.31605122e+02  3.45622652e+02  7.95806852e+02
   7.19194022e+02  2.98569563e+02 -9.09494702e-13  2.67229662e+02
   3.04693526e+02  3.97230253e+02  2.70612633e+02]
 [ 9.91698752e+02  2.78283046e+03  8.92075259e+02  1.40623244e+03
   7.46205255e+02  3.85926214e+02  3.54601965e+02  7.20465119e+02
   6.05719611e+02  3.32686666e+02  2.67229662e+02 -5.11590770e-13
   2.51446071e+02  3.95935660e+02  2.69180825e+02]
 [ 1.11795490e+03  2.69532670e+03  9.78340725e+02  1.48314332e+03
   6.46518584e+02  3.75293384e+02  4.78290331e+02  7.97447195e+02
   6.69752738e+02  3.36444839e+02  3.04693526e+02  2.51446071e+02
   2.84217094e-13  4.19052846e+02  3.25026826e+02]
 [ 1.03892609e+03  2.72285342e+03  1.01558198e+03  1.47777224e+03
   6.93615820e+02  5.23333808e+02  4.49604671e+02  7.45132985e+02
   6.90634538e+02  3.96318462e+02  3.97230253e+02  3.95935660e+02
   4.19052846e+02  5.68434189e-13  3.36361965e+02]
 [ 1.02216198e+03  2.70732918e+03  7.80870011e+02  1.36499100e+03
   5.60640459e+02  3.46019302e+02  3.21557204e+02  6.65229802e+02
   6.92069253e+02  2.83512697e+02  2.70612633e+02  2.69180825e+02
   3.25026826e+02  3.36361965e+02  2.84217094e-14]]
