[[0.00000000e+00 5.56175830e+07 3.83021956e+07 3.26682890e+08
  2.01217067e+07 7.55699306e+08 4.29406838e+08 3.40395213e+07
  2.17695868e+07 3.59334911e+08 5.01166359e+07 3.09137236e+08
  3.20595332e+08 2.36240497e+07 2.90337879e+08]
 [5.56175830e+07 0.00000000e+00 1.75985702e+07 4.78268220e+07
  2.67805636e+07 5.74924649e+07 1.27970138e+08 3.09782791e+07
  1.04390962e+07 1.01263664e+08 2.30201562e+08 5.76013406e+07
  2.30260724e+08 5.80114215e+07 1.92061542e+08]
 [3.83021956e+07 1.75985702e+07 0.00000000e+00 2.69188607e+07
  1.97764497e+07 2.98836194e+07 2.55906452e+07 2.39508462e+07
  1.83744543e+07 1.70914155e+07 2.14958717e+08 2.39789892e+07
  1.23410997e+08 2.52450034e+07 4.01111866e+07]
 [3.26682890e+08 4.78268220e+07 2.69188607e+07 0.00000000e+00
  4.26104062e+07 9.24421738e+07 6.37989685e+07 3.35362540e+07
  4.92435599e+07 7.19266012e+07 2.01857412e+08 3.80554180e+07
  1.81580759e+08 4.71186550e+07 8.24186685e+07]
 [2.01217067e+07 2.67805636e+07 1.97764497e+07 4.26104062e+07
  0.00000000e+00 3.62377921e+07 1.22003376e+07 6.22022933e+06
  5.71544278e+06 1.79924693e+07 8.73755631e+06 1.16887498e+07
  1.35841866e+07 4.68557755e+06 2.11178345e+07]
 [7.55699306e+08 5.74924649e+07 2.98836194e+07 9.24421738e+07
  3.62377921e+07 0.00000000e+00 2.24693658e+07 2.53996389e+07
  6.07168255e+07 3.17653913e+07 3.77481490e+07 2.12591616e+07
  1.58769911e+07 2.23803830e+07 2.16128365e+07]
 [4.29406838e+08 1.27970138e+08 2.55906452e+07 6.37989685e+07
  1.22003376e+07 2.24693658e+07 0.00000000e+00 8.96309294e+06
  3.05748333e+07 2.20614785e+07 6.33923431e+07 9.46863609e+06
  1.45912748e+07 9.93313999e+06 1.63304128e+07]
 [3.40395213e+07 3.09782791e+07 2.39508462e+07 3.35362540e+07
  6.22022933e+06 2.53996389e+07 8.96309294e+06 0.00000000e+00
  9.77996231e+06 1.58143310e+07 6.00930529e+07 1.01743841e+07
  3.67197032e+07 5.20736922e+06 2.94293552e+07]
 [2.17695868e+07 1.04390962e+07 1.83744543e+07 4.92435599e+07
  5.71544278e+06 6.07168255e+07 3.05748333e+07 9.77996231e+06
  0.00000000e+00 1.67585804e+07 1.19788131e+08 2.51331795e+07
  8.54253762e+07 9.16682792e+06 6.62816373e+07]
 [3.59334911e+08 1.01263664e+08 1.70914155e+07 7.19266012e+07
  1.79924693e+07 3.17653913e+07 2.20614785e+07 1.58143310e+07
  1.67585804e+07 0.00000000e+00 4.21962244e+07 3.11434415e+07
  1.82687112e+07 9.53127140e+06 1.57133947e+07]
 [5.01166359e+07 2.30201562e+08 2.14958717e+08 2.01857412e+08
  8.73755631e+06 3.77481490e+07 6.33923431e+07 6.00930529e+07
  1.19788131e+08 4.21962244e+07 0.00000000e+00 1.11319011e+07
  1.04369380e+07 1.32657188e+07 1.75904951e+07]
 [3.09137236e+08 5.76013406e+07 2.39789892e+07 3.80554180e+07
  1.16887498e+07 2.12591616e+07 9.46863609e+06 1.01743841e+07
  2.51331795e+07 3.11434415e+07 1.11319011e+07 0.00000000e+00
  8.95803586e+06 8.77298820e+06 9.06510283e+06]
 [3.20595332e+08 2.30260724e+08 1.23410997e+08 1.81580759e+08
  1.35841866e+07 1.58769911e+07 1.45912748e+07 3.67197032e+07
  8.54253762e+07 1.82687112e+07 1.04369380e+07 8.95803586e+06
  0.00000000e+00 1.09585618e+07 2.01004212e+07]
 [2.36240497e+07 5.80114215e+07 2.52450034e+07 4.71186550e+07
  4.68557755e+06 2.23803830e+07 9.93313999e+06 5.20736922e+06
  9.16682792e+06 9.53127140e+06 1.32657188e+07 8.77298820e+06
  1.09585618e+07 0.00000000e+00 1.46311915e+07]
 [2.90337879e+08 1.92061542e+08 4.01111866e+07 8.24186685e+07
  2.11178345e+07 2.16128365e+07 1.63304128e+07 2.94293552e+07
  6.62816373e+07 1.57133947e+07 1.75904951e+07 9.06510283e+06
  2.01004212e+07 1.46311915e+07 2.27373675e-12]]
